 1.00000000e+08 -3.11947594e+01 
 1.04712855e+08 -3.07842033e+01 
 1.09647820e+08 -3.03741853e+01 
 1.14815362e+08 -2.99646241e+01 
 1.20226443e+08 -2.95554417e+01 
 1.25892541e+08 -2.91465625e+01 
 1.31825674e+08 -2.87379133e+01 
 1.38038426e+08 -2.83294223e+01 
 1.44543977e+08 -2.79210186e+01 
 1.51356125e+08 -2.75126321e+01 
 1.58489319e+08 -2.71041921e+01 
 1.65958691e+08 -2.66956276e+01 
 1.73780083e+08 -2.62868659e+01 
 1.81970086e+08 -2.58778329e+01 
 1.90546072e+08 -2.54684514e+01 
 1.99526231e+08 -2.50586414e+01 
 2.08929613e+08 -2.46483189e+01 
 2.18776162e+08 -2.42373953e+01 
 2.29086765e+08 -2.38257764e+01 
 2.39883292e+08 -2.34133619e+01 
 2.51188643e+08 -2.30000443e+01 
 2.63026799e+08 -2.25857079e+01 
 2.75422870e+08 -2.21702276e+01 
 2.88403150e+08 -2.17534682e+01 
 3.01995172e+08 -2.13352826e+01 
 3.16227766e+08 -2.09155105e+01 
 3.31131121e+08 -2.04939770e+01 
 3.46736850e+08 -2.00704908e+01 
 3.63078055e+08 -1.96448420e+01 
 3.80189396e+08 -1.92168005e+01 
 3.98107171e+08 -1.87861130e+01 
 4.16869383e+08 -1.83525005e+01 
 4.36515832e+08 -1.79156556e+01 
 4.57088190e+08 -1.74752384e+01 
 4.78630092e+08 -1.70308731e+01 
 5.01187234e+08 -1.65821434e+01 
 5.24807460e+08 -1.61285874e+01 
 5.49540874e+08 -1.56696918e+01 
 5.75439937e+08 -1.52048853e+01 
 6.02559586e+08 -1.47335306e+01 
 6.30957344e+08 -1.42549159e+01 
 6.60693448e+08 -1.37682440e+01 
 6.91830971e+08 -1.32726200e+01 
 7.24435960e+08 -1.27670371e+01 
 7.58577575e+08 -1.22503590e+01 
 7.94328235e+08 -1.17212993e+01 
 8.31763771e+08 -1.11783968e+01 
 8.70963590e+08 -1.06199848e+01 
 9.12010839e+08 -1.00441542e+01 
 9.54992586e+08 -9.44870714e+00 
 1.00000000e+09 -8.83109963e+00 
 1.04712855e+09 -8.18836801e+00 
 1.09647820e+09 -7.51703521e+00 
 1.14815362e+09 -6.81298824e+00 
 1.20226443e+09 -6.07131605e+00 
 1.25892541e+09 -5.28609074e+00 
 1.31825674e+09 -4.45006629e+00 
 1.38038426e+09 -3.55425348e+00 
 1.44543977e+09 -2.58730374e+00 
 1.51356125e+09 -1.53458683e+00 
 1.58489319e+09 -3.76756953e-01 
 1.65958691e+09  9.12579950e-01 
 1.73780083e+09  2.37087878e+00 
 1.81970086e+09  4.05405864e+00 
 1.90546072e+09  6.05146701e+00 
 1.99526231e+09  8.52013295e+00 
 2.08929613e+09  1.17788253e+01 
 2.18776162e+09  1.66566245e+01 
 2.29086765e+09  2.68979305e+01 
 2.39883292e+09  2.46933585e+01 
 2.51188643e+09  1.67523940e+01 
 2.63026799e+09  1.29608503e+01 
 2.75422870e+09  1.06019878e+01 
 2.88403150e+09  8.99395830e+00 
 3.01995172e+09  7.86171227e+00 
 3.16227766e+09  7.06048285e+00 
 3.31131121e+09  6.48907432e+00 
 3.46736850e+09  6.04523385e+00 
 3.63078055e+09  5.59203935e+00 
 3.80189396e+09  4.94368456e+00 
 3.98107171e+09  3.91092574e+00 
 4.16869383e+09  2.41252435e+00 
 4.36515832e+09  5.33370993e-01 
 4.57088190e+09 -1.55667041e+00 
 4.78630092e+09 -3.71058027e+00 
 5.01187234e+09 -5.84039844e+00 
 5.24807460e+09 -7.90501350e+00 
 5.49540874e+09 -9.89026569e+00 
 5.75439937e+09 -1.17952460e+01 
 6.02559586e+09 -1.36248219e+01 
 6.30957344e+09 -1.53859491e+01 
 6.60693448e+09 -1.70859597e+01 
 6.91830971e+09 -1.87318211e+01 
 7.24435960e+09 -2.03298564e+01 
 7.58577575e+09 -2.18856795e+01 
 7.94328235e+09 -2.34042220e+01 
 8.31763771e+09 -2.48897987e+01 
 8.70963590e+09 -2.63461829e+01 
 9.12010839e+09 -2.77766799e+01 
 9.54992586e+09 -2.91841952e+01 
 1.00000000e+10 -3.05712942e+01 
