 1.00000000e+08  1.00000000e+08  0.00000000e+00  1.00000000e+08 -7.70864770e-02 
 1.04712855e+08  1.04712855e+08  0.00000000e+00  1.04712855e+08 -7.72426192e-02 
 1.09647820e+08  1.09647820e+08  0.00000000e+00  1.09647820e+08 -7.73861914e-02 
 1.14815362e+08  1.14815362e+08  0.00000000e+00  1.14815362e+08 -7.75182735e-02 
 1.20226443e+08  1.20226443e+08  0.00000000e+00  1.20226443e+08 -7.76398698e-02 
 1.25892541e+08  1.25892541e+08  0.00000000e+00  1.25892541e+08 -7.77519140e-02 
 1.31825674e+08  1.31825674e+08  0.00000000e+00  1.31825674e+08 -7.78552742e-02 
 1.38038426e+08  1.38038426e+08  0.00000000e+00  1.38038426e+08 -7.79507572e-02 
 1.44543977e+08  1.44543977e+08  0.00000000e+00  1.44543977e+08 -7.80391135e-02 
 1.51356125e+08  1.51356125e+08  0.00000000e+00  1.51356125e+08 -7.81210416e-02 
 1.58489319e+08  1.58489319e+08  0.00000000e+00  1.58489319e+08 -7.81971923e-02 
 1.65958691e+08  1.65958691e+08  0.00000000e+00  1.65958691e+08 -7.82681727e-02 
 1.73780083e+08  1.73780083e+08  0.00000000e+00  1.73780083e+08 -7.83345500e-02 
 1.81970086e+08  1.81970086e+08  0.00000000e+00  1.81970086e+08 -7.83968554e-02 
 1.90546072e+08  1.90546072e+08  0.00000000e+00  1.90546072e+08 -7.84555874e-02 
 1.99526231e+08  1.99526231e+08  0.00000000e+00  1.99526231e+08 -7.85112146e-02 
 2.08929613e+08  2.08929613e+08  0.00000000e+00  2.08929613e+08 -7.85641795e-02 
 2.18776162e+08  2.18776162e+08  0.00000000e+00  2.18776162e+08 -7.86149003e-02 
 2.29086765e+08  2.29086765e+08  0.00000000e+00  2.29086765e+08 -7.86637742e-02 
 2.39883292e+08  2.39883292e+08  0.00000000e+00  2.39883292e+08 -7.87111787e-02 
 2.51188643e+08  2.51188643e+08  0.00000000e+00  2.51188643e+08 -7.87574744e-02 
 2.63026799e+08  2.63026799e+08  0.00000000e+00  2.63026799e+08 -7.88030057e-02 
 2.75422870e+08  2.75422870e+08  0.00000000e+00  2.75422870e+08 -7.88481024e-02 
 2.88403150e+08  2.88403150e+08  0.00000000e+00  2.88403150e+08 -7.88930803e-02 
 3.01995172e+08  3.01995172e+08  0.00000000e+00  3.01995172e+08 -7.89382413e-02 
 3.16227766e+08  3.16227766e+08  0.00000000e+00  3.16227766e+08 -7.89838729e-02 
 3.31131121e+08  3.31131121e+08  0.00000000e+00  3.31131121e+08 -7.90302469e-02 
 3.46736850e+08  3.46736850e+08  0.00000000e+00  3.46736850e+08 -7.90776175e-02 
 3.63078055e+08  3.63078055e+08  0.00000000e+00  3.63078055e+08 -7.91262174e-02 
 3.80189396e+08  3.80189396e+08  0.00000000e+00  3.80189396e+08 -7.91762531e-02 
 3.98107171e+08  3.98107171e+08  0.00000000e+00  3.98107171e+08 -7.92278987e-02 
 4.16869383e+08  4.16869383e+08  0.00000000e+00  4.16869383e+08 -7.92812861e-02 
 4.36515832e+08  4.36515832e+08  0.00000000e+00  4.36515832e+08 -7.93364940e-02 
 4.57088190e+08  4.57088190e+08  0.00000000e+00  4.57088190e+08 -7.93935318e-02 
 4.78630092e+08  4.78630092e+08  0.00000000e+00  4.78630092e+08 -7.94523194e-02 
 5.01187234e+08  5.01187234e+08  0.00000000e+00  5.01187234e+08 -7.95126615e-02 
 5.24807460e+08  5.24807460e+08  0.00000000e+00  5.24807460e+08 -7.95742136e-02 
 5.49540874e+08  5.49540874e+08  0.00000000e+00  5.49540874e+08 -7.96364382e-02 
 5.75439937e+08  5.75439937e+08  0.00000000e+00  5.75439937e+08 -7.96985493e-02 
 6.02559586e+08  6.02559586e+08  0.00000000e+00  6.02559586e+08 -7.97594387e-02 
 6.30957344e+08  6.30957344e+08  0.00000000e+00  6.30957344e+08 -7.98175829e-02 
 6.60693448e+08  6.60693448e+08  0.00000000e+00  6.60693448e+08 -7.98709200e-02 
 6.91830971e+08  6.91830971e+08  0.00000000e+00  6.91830971e+08 -7.99166903e-02 
 7.24435960e+08  7.24435960e+08  0.00000000e+00  7.24435960e+08 -7.99512272e-02 
 7.58577575e+08  7.58577575e+08  0.00000000e+00  7.58577575e+08 -7.99696819e-02 
 7.94328235e+08  7.94328235e+08  0.00000000e+00  7.94328235e+08 -7.99656576e-02 
 8.31763771e+08  8.31763771e+08  0.00000000e+00  8.31763771e+08 -7.99307230e-02 
 8.70963590e+08  8.70963590e+08  0.00000000e+00  8.70963590e+08 -7.98537567e-02 
 9.12010839e+08  9.12010839e+08  0.00000000e+00  9.12010839e+08 -7.97200591e-02 
 9.54992586e+08  9.54992586e+08  0.00000000e+00  9.54992586e+08 -7.95101357e-02 
 1.00000000e+09  1.00000000e+09  0.00000000e+00  1.00000000e+09 -7.91980142e-02 
 1.04712855e+09  1.04712855e+09  0.00000000e+00  1.04712855e+09 -7.87488874e-02 
 1.09647820e+09  1.09647820e+09  0.00000000e+00  1.09647820e+09 -7.81157681e-02 
 1.14815362e+09  1.14815362e+09  0.00000000e+00  1.14815362e+09 -7.72346715e-02 
 1.20226443e+09  1.20226443e+09  0.00000000e+00  1.20226443e+09 -7.60175565e-02 
 1.25892541e+09  1.25892541e+09  0.00000000e+00  1.25892541e+09 -7.43417883e-02 
 1.31825674e+09  1.31825674e+09  0.00000000e+00  1.31825674e+09 -7.20340574e-02 
 1.38038426e+09  1.38038426e+09  0.00000000e+00  1.38038426e+09 -6.88452181e-02 
 1.44543977e+09  1.44543977e+09  0.00000000e+00  1.44543977e+09 -6.44097554e-02 
 1.51356125e+09  1.51356125e+09  0.00000000e+00  1.51356125e+09 -5.81782126e-02 
 1.58489319e+09  1.58489319e+09  0.00000000e+00  1.58489319e+09 -4.92998415e-02 
 1.65958691e+09  1.65958691e+09  0.00000000e+00  1.65958691e+09 -3.64084448e-02 
 1.73780083e+09  1.73780083e+09  0.00000000e+00  1.73780083e+09 -1.72067749e-02 
 1.81970086e+09  1.81970086e+09  0.00000000e+00  1.81970086e+09  1.24055769e-02 
 1.90546072e+09  1.90546072e+09  0.00000000e+00  1.90546072e+09  6.03605065e-02 
 1.99526231e+09  1.99526231e+09  0.00000000e+00  1.99526231e+09  1.43857384e-01 
 2.08929613e+09  2.08929613e+09  0.00000000e+00  2.08929613e+09  3.07323550e-01 
 2.18776162e+09  2.18776162e+09  0.00000000e+00  2.18776162e+09  7.06314818e-01 
 2.29086765e+09  2.29086765e+09  0.00000000e+00  2.29086765e+09  2.37791403e+00 
 2.39883292e+09  2.39883292e+09  0.00000000e+00  2.39883292e+09 -4.58557169e+00 
 2.51188643e+09  2.51188643e+09  0.00000000e+00  2.51188643e+09 -1.88247635e+00 
 2.63026799e+09  2.63026799e+09  0.00000000e+00  2.63026799e+09 -1.44726625e+00 
 2.75422870e+09  2.75422870e+09  0.00000000e+00  2.75422870e+09 -1.34138056e+00 
 2.88403150e+09  2.88403150e+09  0.00000000e+00  2.88403150e+09 -1.36913064e+00 
 3.01995172e+09  3.01995172e+09  0.00000000e+00  3.01995172e+09 -1.48982001e+00 
 3.16227766e+09  3.16227766e+09  0.00000000e+00  3.16227766e+09 -1.70165289e+00 
 3.31131121e+09  3.31131121e+09  0.00000000e+00  3.31131121e+09 -2.01657026e+00 
 3.46736850e+09  3.46736850e+09  0.00000000e+00  3.46736850e+09 -2.43842694e+00 
 3.63078055e+09  3.63078055e+09  0.00000000e+00  3.63078055e+09 -2.91023798e+00 
 3.80189396e+09  3.80189396e+09  0.00000000e+00  3.80189396e+09 -3.22782813e+00 
 3.98107171e+09  3.98107171e+09  0.00000000e+00  3.98107171e+09 -3.10390504e+00 
 4.16869383e+09  4.16869383e+09  0.00000000e+00  4.16869383e+09 -2.54445940e+00 
 4.36515832e+09  4.36515832e+09  0.00000000e+00  4.36515832e+09 -1.87466220e+00 
 4.57088190e+09  4.57088190e+09  0.00000000e+00  4.57088190e+09 -1.32407657e+00 
 4.78630092e+09  4.78630092e+09  0.00000000e+00  4.78630092e+09 -9.33280818e-01 
 5.01187234e+09  5.01187234e+09  0.00000000e+00  5.01187234e+09 -6.68440755e-01 
 5.24807460e+09  5.24807460e+09  0.00000000e+00  5.24807460e+09 -4.89411118e-01 
 5.49540874e+09  5.49540874e+09  0.00000000e+00  5.49540874e+09 -3.66533065e-01 
 5.75439937e+09  5.75439937e+09  0.00000000e+00  5.75439937e+09 -2.80372662e-01 
 6.02559586e+09  6.02559586e+09  0.00000000e+00  6.02559586e+09 -2.18581281e-01 
 6.30957344e+09  6.30957344e+09  0.00000000e+00  6.30957344e+09 -1.73297760e-01 
 6.60693448e+09  6.60693448e+09  0.00000000e+00  6.60693448e+09 -1.39443018e-01 
 6.91830971e+09  6.91830971e+09  0.00000000e+00  6.91830971e+09 -1.13670326e-01 
 7.24435960e+09  7.24435960e+09  0.00000000e+00  7.24435960e+09 -9.37278359e-02 
 7.58577575e+09  7.58577575e+09  0.00000000e+00  7.58577575e+09 -7.80689083e-02 
 7.94328235e+09  7.94328235e+09  0.00000000e+00  7.94328235e+09 -6.56103502e-02 
 8.31763771e+09  8.31763771e+09  0.00000000e+00  8.31763771e+09 -5.55796344e-02 
 8.70963590e+09  8.70963590e+09  0.00000000e+00  8.70963590e+09 -4.74164751e-02 
 9.12010839e+09  9.12010839e+09  0.00000000e+00  9.12010839e+09 -4.07081923e-02 
 9.54992586e+09  9.54992586e+09  0.00000000e+00  9.54992586e+09 -3.51464793e-02 
 1.00000000e+10  1.00000000e+10  0.00000000e+00  1.00000000e+10 -3.04979760e-02 
